0.1 0.15 0.9188 1.0969 0.074
0.15 0.2 0.9188 1.0969 0.068
0.2 0.25 0.9188 1.0969 0.065
0.1 0.15 1.0969 1.3094 0.094
0.15 0.2 1.0969 1.3094 0.086
0.2 0.25 1.0969 1.3094 0.081
0.25 0.3 1.0969 1.3094 0.074
0.1 0.15 1.3094 1.5632 0.119
0.15 0.2 1.3094 1.5632 0.108
0.2 0.25 1.3094 1.5632 0.102
0.25 0.3 1.3094 1.5632 0.095
0.1 0.15 1.5632 1.8661 0.149
0.15 0.2 1.5632 1.8661 0.136
0.2 0.25 1.5632 1.8661 0.127
0.25 0.3 1.5632 1.8661 0.120
0.3 0.35 1.5632 1.8661 0.112
0.1 0.15 1.8661 2.2277 0.182
0.15 0.2 1.8661 2.2277 0.170
0.2 0.25 1.8661 2.2277 0.158
0.25 0.3 1.8661 2.2277 0.150
0.3 0.35 1.8661 2.2277 0.142
0.35 0.4 1.8661 2.2277 0.132
0.15 0.2 2.2277 2.6594 0.209
0.2 0.25 2.2277 2.6594 0.197
0.25 0.3 2.2277 2.6594 0.186
0.3 0.35 2.2277 2.6594 0.177
0.35 0.4 2.2277 2.6594 0.167
0.4 0.45 2.2277 2.6594 0.156
0.15 0.2 2.6594 3.1747 0.249
0.2 0.25 2.6594 3.1747 0.241
0.25 0.3 2.6594 3.1747 0.230
0.3 0.35 2.6594 3.1747 0.219
0.35 0.4 2.6594 3.1747 0.209
0.4 0.45 2.6594 3.1747 0.198
0.45 0.5 2.6594 3.1747 0.185
0.2 0.25 3.1747 3.7899 0.289
0.25 0.3 3.1747 3.7899 0.281
0.3 0.35 3.1747 3.7899 0.270
0.35 0.4 3.1747 3.7899 0.259
0.4 0.45 3.1747 3.7899 0.249
0.45 0.5 3.1747 3.7899 0.236
0.5 0.55 3.1747 3.7899 0.224
0.25 0.3 3.7899 4.5243 0.335
0.3 0.35 3.7899 4.5243 0.328
0.35 0.4 3.7899 4.5243 0.318
0.4 0.45 3.7899 4.5243 0.308
0.45 0.5 3.7899 4.5243 0.296
0.5 0.55 3.7899 4.5243 0.283
0.3 0.35 4.5243 5.4009 0.389
0.35 0.4 4.5243 5.4009 0.384
0.4 0.45 4.5243 5.4009 0.375
0.45 0.5 4.5243 5.4009 0.365
0.5 0.55 4.5243 5.4009 0.354
0.55 0.6 4.5243 5.4009 0.339
0.35 0.4 5.4009 6.4475 0.449
0.4 0.45 5.4009 6.4475 0.448
0.45 0.5 5.4009 6.4475 0.441
0.5 0.55 5.4009 6.4475 0.432
0.55 0.6 5.4009 6.4475 0.421
0.6 0.65 5.4009 6.4475 0.406
0.4 0.45 6.4475 7.6969 0.514
0.45 0.5 6.4475 7.6969 0.518
0.5 0.55 6.4475 7.6969 0.515
0.55 0.6 6.4475 7.6969 0.508
0.6 0.65 6.4475 7.6969 0.498
0.65 0.7 6.4475 7.6969 0.484
0.5 0.55 7.6969 9.1884 0.591
0.55 0.6 7.6969 9.1884 0.594
0.6 0.65 7.6969 9.1884 0.591
0.65 0.7 7.6969 9.1884 0.582
0.7 0.75 7.6969 9.1884 0.564
0.65 0.7 9.1884 10.9689 0.673
0.7 0.75 9.1884 10.9689 0.669