0.1 0.15 0.9188 1.0969 0.013
0.15 0.2 0.9188 1.0969 0.021
0.2 0.25 0.9188 1.0969 0.025
0.1 0.15 1.0969 1.3094 0.018
0.15 0.2 1.0969 1.3094 0.027
0.2 0.25 1.0969 1.3094 0.033
0.25 0.3 1.0969 1.3094 0.030
0.1 0.15 1.3094 1.5632 0.024
0.15 0.2 1.3094 1.5632 0.034
0.2 0.25 1.3094 1.5632 0.041
0.25 0.3 1.3094 1.5632 0.045
0.1 0.15 1.5632 1.8661 0.032
0.15 0.2 1.5632 1.8661 0.044
0.2 0.25 1.5632 1.8661 0.052
0.25 0.3 1.5632 1.8661 0.057
0.3 0.35 1.5632 1.8661 0.057
0.1 0.15 1.8661 2.2277 0.040
0.15 0.2 1.8661 2.2277 0.055
0.2 0.25 1.8661 2.2277 0.064
0.25 0.3 1.8661 2.2277 0.070
0.3 0.35 1.8661 2.2277 0.073
0.35 0.4 1.8661 2.2277 0.071
0.15 0.2 2.2277 2.6594 0.068
0.2 0.25 2.2277 2.6594 0.079
0.25 0.3 2.2277 2.6594 0.086
0.3 0.35 2.2277 2.6594 0.091
0.35 0.4 2.2277 2.6594 0.093
0.4 0.45 2.2277 2.6594 0.089
0.15 0.2 2.6594 3.1747 0.082
0.2 0.25 2.6594 3.1747 0.097
0.25 0.3 2.6594 3.1747 0.105
0.3 0.35 2.6594 3.1747 0.112
0.35 0.4 2.6594 3.1747 0.116
0.4 0.45 2.6594 3.1747 0.116
0.45 0.5 2.6594 3.1747 0.111
0.2 0.25 3.1747 3.7899 0.117
0.25 0.3 3.1747 3.7899 0.128
0.3 0.35 3.1747 3.7899 0.137
0.35 0.4 3.1747 3.7899 0.142
0.4 0.45 3.1747 3.7899 0.146
0.45 0.5 3.1747 3.7899 0.147
0.5 0.55 3.1747 3.7899 0.141
0.25 0.3 3.7899 4.5243 0.155
0.3 0.35 3.7899 4.5243 0.166
0.35 0.4 3.7899 4.5243 0.174
0.4 0.45 3.7899 4.5243 0.180
0.45 0.5 3.7899 4.5243 0.184
0.5 0.55 3.7899 4.5243 0.185
0.3 0.35 4.5243 5.4009 0.199
0.35 0.4 4.5243 5.4009 0.211
0.4 0.45 4.5243 5.4009 0.220
0.45 0.5 4.5243 5.4009 0.227
0.5 0.55 4.5243 5.4009 0.231
0.55 0.6 4.5243 5.4009 0.233
0.35 0.4 5.4009 6.4475 0.251
0.4 0.45 5.4009 6.4475 0.266
0.45 0.5 5.4009 6.4475 0.276
0.5 0.55 5.4009 6.4475 0.284
0.55 0.6 5.4009 6.4475 0.289
0.6 0.65 5.4009 6.4475 0.291
0.4 0.45 6.4475 7.6969 0.310
0.45 0.5 6.4475 7.6969 0.329
0.5 0.55 6.4475 7.6969 0.342
0.55 0.6 6.4475 7.6969 0.351
0.6 0.65 6.4475 7.6969 0.357
0.65 0.7 6.4475 7.6969 0.359
0.5 0.55 7.6969 9.1884 0.398
0.55 0.6 7.6969 9.1884 0.415
0.6 0.65 7.6969 9.1884 0.426
0.65 0.7 7.6969 9.1884 0.432
0.7 0.75 7.6969 9.1884 0.435
0.65 0.7 9.1884 10.9689 0.503
0.7 0.75 9.1884 10.9689 0.514